% Only calculate the coefficients
M = [ 1  1  1  1  1;
      -2 -1  0  1  2;
       4  1  0  1  4;
      -8 -1  0  1  8;
      16  1  0  1 16];

Y2 = [0; 0 ; 2; 0; 0];

C2 = M\Y2;

Y3 = [0; 0 ; 0; 6; 0];

C3 = M\Y3;

Y4 = [0; 0 ; 0; 0; 24];

C4 = M\Y4;